Node -7 3 0 2 2 1 0 0 0 1 
Node -7 -2 0 2 2 1 0 0 0 1 
Resistor -4 3 1 1 1 1 0 0 0 1 
Resistor -1 1 1 1 1 1 0 0 0.7071068 0.7071068 
Resistor 2 3 1 1 1 1 0 0 0 1 
Resistor -4 -2 1 1 1 1 0 0 0 1 
Node -1 3 1 2 2 1 0 0 0 1 
Node 5 3 1 2 2 1 0 0 0 1 
Node 5 -2 1 2 2 1 0 0 0 1 
Node -1 -2 1 2 2 1 0 0 0 1 
Wire -2.11 -2 2 2.9234 1 1 0 0 1 -4.371139E-08 
Wire -0.9999999 -0.89 2 2.9234 1 1 0 0 0.7071068 0.7071068 
Wire -1 2.39 2 1.3934 1 1 0 0 0.7071068 0.7071068 
Wire -2.11 3 2 2.9234 1 1 0 0 1 -4.371139E-08 
Wire -5.89 3 2 2.9234 1 1 0 0 0 1 
Wire 0.11 3 2 2.9234 1 1 0 0 0 1 
Wire 3.89 3 2 2.9234 1 1 0 0 0 1 
Wire 5 0.5 2 7.1768 1 1 0 0 0.7071068 -0.7071068 
Wire 2 -2 2 8.7068 1 1 0 0 1 -4.371139E-08 
Wire -5.89 -2 2 2.9234 1 1 0 0 1 -4.371139E-08 

